$ 1 0.000005 21.593987231061412 60 5 50 5e-11
L 336 -352 336 -384 0 1 false 5 0
L 368 -352 368 -384 0 1 false 5 0
150 352 -352 352 -272 0 2 5 5
156 608 -176 688 -176 0 5
196 368 -32 448 -32 2 4
R -256 -128 -320 -128 0 2 40 5 0 0 0.5
L -256 -64 -320 -64 0 0 false 5 0
L -256 0 -320 0 0 1 false 5 0
150 -128 -112 -32 -112 0 2 0 5
w -256 0 -176 0 0
w -176 0 -176 -96 0
w -176 -96 -128 -96 0
w -256 -128 -128 -128 0
w -32 -112 -32 320 0
w 592 320 592 -144 0
w 352 -272 352 -176 0
157 800 384 848 384 0 7 0 0
197 672 384 752 384 0
w 800 512 864 512 0
w 800 544 896 544 0
w 896 512 896 544 0
w 800 576 928 576 0
w 928 576 928 512 0
w 608 -144 592 -144 0
155 784 -176 832 -176 0 5
w 704 -176 784 -176 0
w 592 320 784 320 0
w 784 -144 784 320 0
w 880 -176 896 -176 0
w 896 -176 896 -64 0
w 352 -64 352 64 0
w 352 64 368 64 0
155 192 352 240 352 0 5
155 192 464 240 464 0 5
155 192 576 240 576 0 0
155 192 688 240 688 0 0
w 416 320 176 320 0
w 176 384 192 384 0
w 176 384 176 496 0
w 176 496 192 496 0
w 176 496 176 608 0
w 176 608 192 608 0
w 176 608 176 720 0
w 176 720 192 720 0
w 400 256 160 256 0
w 160 256 160 352 0
w 160 352 192 352 0
w 144 272 144 464 0
w 144 464 192 464 0
w 128 288 128 576 0
w 128 576 192 576 0
w 352 -64 896 -64 0
w 112 304 112 688 0
w 176 384 176 320 0
w 112 688 192 688 0
w 528 -176 608 -176 0
w 528 -176 528 -112 0
I 528 -112 608 -112 0 0.5 5
w 352 -176 528 -176 0
w 608 128 608 480 0
w 672 480 608 480 0
w 624 96 624 448 0
w 624 448 672 448 0
w 672 416 640 416 0
w 640 416 640 64 0
w 656 32 656 384 0
w 656 384 672 384 0
w 176 320 -32 320 0
w 416 320 592 320 0
w 288 352 288 192 0
w 288 464 304 464 0
w 304 464 304 160 0
w 288 576 320 576 0
w 320 576 320 128 0
w 288 688 336 688 0
w 336 688 336 96 0
w 288 192 368 192 0
w 368 160 304 160 0
w 368 128 320 128 0
w 368 96 336 96 0
w 496 432 496 128 0
w 512 496 512 96 0
w 480 560 528 560 0
w 528 560 528 64 0
w 480 624 544 624 0
w 544 624 544 32 0
w -16 -64 -16 784 0
w 400 416 416 416 0
w 400 256 400 416 0
w 416 480 384 480 0
w 384 480 384 272 0
w 384 272 144 272 0
w 128 288 368 288 0
w 368 288 368 544 0
w 368 544 416 544 0
w 416 608 352 608 0
w 352 608 352 304 0
w 352 304 112 304 0
w 464 128 496 128 0
w 496 128 608 128 0
w 624 96 512 96 0
w 464 96 512 96 0
w 528 64 464 64 0
w 464 32 544 32 0
w 640 64 528 64 0
w 544 32 656 32 0
150 480 416 416 416 0 2 0 5
w 480 432 496 432 0
w 480 400 560 400 0
w 560 784 -16 784 0
150 480 480 416 480 0 2 0 5
150 480 544 416 544 0 2 5 5
150 480 608 416 608 0 2 0 5
w 512 496 480 496 0
w 480 464 560 464 0
w 480 528 560 528 0
w 480 592 560 592 0
w 560 400 560 464 0
w 560 464 560 528 0
w 560 528 560 592 0
w 560 592 560 784 0
I -256 -64 -16 -64 0 0.5 5
